year born, year died, age
1920,2008,88
1890,1971,81
1926,1940,14
1917,1996,79
1889,1961,72
1883,1980,97
1894,1956,62
1887,1967,80
1917,2004,87
1884,1933,49
1883,1966,83
1920,2010,90
1881,1971,90
1877,1950,73
1916,1991,75
1864,1935,71
1888,1933,45
1919,2010,91
1918,2016,98
2014,2014,0
1917,1988,71
1920,2008,88
1883,1956,73
1931,2024,93
1868,1951,83
1884,1911,27
1898,1969,71
1907,1907,0
1872,1949,77
1875,1964,89
1929,2020,91
1880,1965,85
1928,2015,87
1936,2021,85
1990,1992,2
1980,1980,0
1980,1980,0
1866,1945,79
1855,1919,64
1885,1961,76
1882,1967,85
1899,1930,31
1938,2005,67
1870,1913,43
1921,1946,25
1919,1990,71
1954,1996,42
1907,1986,79
1960,1960,0
1867,1920,53
1947,1947,0
1895,1957,62
1908,1922,14
1929,2006,77
1903,1984,81
1955,1955,0
1840,1915,75
1849,1929,80
1874,1932,58
1864,1948,84
1904,1996,92
1902,1957,55
1957,1957,0
1917,1957,40
1917,1950,33
1931,2021,90
1938,1963,25
1876,1956,80
1872,1967,95
1882,1974,92
1903,1925,22
1873,1934,61
1867,1941,74
1885,1941,56
1841,1917,76
1880,1950,70
1894,1975,81
1966,2014,48
1878,1942,64
1898,1983,85
1841,1916,75
1890,1920,30
1904,1965,61
1906,1971,65
1913,1998,85
1927,1927,0
1900,1989,89
1897,1969,72
2002,2002,0
1871,1936,65
1927,2013,86
1877,1960,83
1886,1964,78
1879,1950,71
1928,2007,79
1943,2003,60
1916,2007,91
1902,1973,71
1904,1904,0
1914,1989,75
1853,1919,66
1896,1918,22
1889,1971,82
1883,1969,86
1880,1917,37
1912,2015,103
1892,1967,75
1948,1969,21
1877,1944,67
1884,1955,71
1943,1971,28
1863,1950,87
1921,2003,82
1897,1921,24
1903,1988,85
1870,1951,81
1923,2016,93
1928,1991,63
1931,2022,91
1931,2000,69
1928,1979,51
1959,1959,0
1902,1981,79
1903,1971,68
1952,1952,0
1878,1947,69
1910,1977,67
1889,1962,73
1881,1961,80
1912,1984,72
1905,1979,74
1967,2018,51
1922,2011,89
1919,2006,87
1931,2014,83
1926,1976,50
1886,1905,19
1861,1914,53
1899,1991,92
1895,1965,70
1919,2000,81
1868,1951,83
1864,1925,61
1914,1994,80
1915,2008,93
1882,1962,80
1905,1905,0
1957,2001,44
1957,1994,37
1920,1920,0
1937,1990,53
1912,1997,85
1912,1972,60
1959,1959,0
1906,2006,100
1903,1970,67
1887,1888,1
1890,1919,29
1857,1921,64
1861,1896,35
1913,1999,86
1888,1913,25
1861,1939,78
1910,2007,97
1912,1999,87
1908,1985,77
1874,1949,75
1909,1970,61
1885,1974,89
1932,1969,37
1965,2018,53
1905,1986,81
1884,1955,71
1907,1994,87
1880,1944,64
1913,2010,97
1888,1948,60
1946,1946,0
1940,2014,74
1860,1946,86
1860,1946,86
1934,1991,57
1950,1955,5
1894,1973,79
1920,1969,49
1890,1972,82
1895,1897,2
1892,1985,93
1896,1980,84
1862,1946,84
1926,1928,2
1934,1998,64
1919,1919,0
1942,2017,75
1896,1976,80
1881,1947,66
1898,1899,1
1999,1999,0
1921,2015,94
1921,2005,84
1900,1988,88
1906,1993,87
1856,1925,69
1858,1934,76
1940,2023,83
1919,1993,74
1897,1988,91
1918,2008,90
1896,1984,88
1933,2020,87
1937,1993,56
1861,1946,85
1894,1972,78
1861,1941,80
1912,1992,80
1911,1989,78
1905,1979,74
1949,1949,0
1887,1951,64
1903,1995,92
1836,1931,95
1883,1983,100
1915,1971,56
1880,1962,82
1909,1978,69
1965,1987,22
1904,1991,87
1889,1971,82
1887,1952,65
1878,1946,68
1910,1960,50
1938,2019,81
1939,2001,62
1915,1994,79
1921,2012,91
1899,1978,79
1926,2006,80
1961,2012,51
1936,2020,84
1901,1975,74
1926,1971,45
1922,1999,77
1950,1969,19
1902,1982,80
1935,2012,77
1907,1996,89
1907,1996,89
1905,1999,94
1859,1939,80
1869,1945,76
1878,1940,62
1921,1996,75
1891,1977,86
1921,1985,64
1929,2007,78
1886,1915,29
1929,2005,76
1911,2004,93
1910,1996,86
1913,1913,0
1924,1990,66
1924,2006,82
1860,1920,60
1903,1985,82
1892,1919,27
1936,1936,0
1882,1931,49
1857,1939,82
1903,1951,48
1919,2021,102
1912,1970,58
2022,2022,0
1824,1899,75
1849,1928,79
1853,1930,77
1940,1972,32
1854,1937,83
1857,1940,83
1904,1936,32
1922,1986,64
1915,2008,93
1925,1991,66
1955,1958,3
1915,1989,74
1987,1987,0
1908,1955,47
1939,1960,21
1929,2014,85
1925,2019,94
1936,1936,0
1920,2001,81
1855,1933,78
1913,2014,101
1859,1929,70
1913,1995,82
1885,1955,70
1958,1958,0
1921,2002,81
1930,2014,84
1944,2013,69
1946,2024,78
1859,1952,93
1844,1914,70
1884,1975,91
1960,1960,0
1894,1983,89
1897,1991,94
1875,1960,85
1871,1943,72
1963,1963,0
1929,2014,85
1866,1962,96
1927,2017,90
1945,1956,11
1921,2010,89
1909,1971,62
1893,1974,81
1908,1971,63
1899,1957,58
1938,2006,68
1935,2006,71
1961,1998,37
1906,1973,67
1899,1973,74
1915,1916,1
1921,2010,89
1959,1959,0
1893,1993,100
1957,1961,4
1917,1990,73
1913,1986,73
1923,2015,92
1904,1997,93
1915,2011,96
1914,2005,91
1901,1989,88
1887,1955,68
1907,1979,72
1945,2020,75
1918,1996,78
1939,1975,36
1951,2021,70
1926,2006,80
1950,2021,71
2017,2017,0
1927,2021,94
1926,2015,89
1956,1981,25
1924,1997,73
1923,2013,90
1917,1990,73
1907,1985,78
1882,1916,34
1895,1977,82
1910,1995,85
1923,2008,85
1951,1995,44
1921,2000,79
1917,1991,74
1920,2011,91
1920,2008,88
1920,2019,99
1921,1977,56
1924,2016,92
1941,2020,79
1930,2024,94
1876,1904,28
1923,1983,60
1888,1983,95
1902,1978,76
1928,2005,77
1930,2009,79
1959,1986,27
1948,2021,73
1909,1973,64
1951,2017,66
1922,1922,0
1928,2002,74
1928,2008,80
1936,2015,79
1940,2007,67
1907,1970,63
1882,1961,79
1909,2000,91
1888,1972,84
1910,1977,67
1933,2013,80
1899,1976,77
1908,1990,82
1838,1917,79
1869,1925,56
1840,1924,84
1917,2005,88
1920,2017,97
1923,2011,88
1925,2022,97
1956,1993,37
1877,1960,83
1885,1960,75
1863,1948,85
1868,1952,84
1948,2000,52
1823,1899,76
1914,1996,82
1904,2001,97
1924,2018,94
1873,1935,62
1870,1963,93
1904,1935,31
1855,1936,81
1927,2017,90
1896,1970,74
1857,1939,82
1909,1974,65
1905,1933,28
1929,2015,86
1903,1994,91
1904,1969,65
1909,1971,62
1894,1972,78
1909,1962,53
1872,1952,80
1896,1938,42
1866,1948,82
1873,1954,81
1850,1926,76
1850,1905,55
1922,2015,93
1909,1991,82
1847,1918,71
1856,1926,70
1915,1915,0
1893,1956,63
1885,1965,80
1890,1919,29
1863,1946,83
1916,2013,97
1908,1996,88
1907,1983,76
1919,1919,0
1887,1916,29
1914,1998,84
1941,2019,78
1921,2002,81
1912,1990,78
1946,2005,59
1935,1998,63
1910,1998,88
1890,1964,74
1912,2003,91
1935,2023,88
1915,1988,73
1946,1982,36
1918,1997,79
1938,2013,75
1910,1993,83
1885,1977,92
1897,1932,35
1909,1960,51
1904,1969,65
1945,1967,22
1930,1946,16
1904,1980,76
1942,1960,18
1866,1899,33
1843,1908,65
1872,1894,22
1889,1986,97
1931,2015,84
1927,2005,78
1957,1989,32
1896,1967,71
1899,1975,76
1989,2017,28
1928,2021,93
1925,2015,90
1908,2003,95
1897,1984,87
1937,2016,79
1907,1997,90
1934,2012,78
1960,2019,59
1928,2020,92
1861,1934,73
1866,1947,81
1925,2007,82
1915,2000,85
1890,1961,71
1902,1993,91
1890,1960,70
1910,1997,87
1938,2021,83
1928,2007,79
1912,2000,88
1899,1989,90
1916,2007,91
1852,1926,74
1991,2018,27
1888,1984,96
1881,1961,80
1894,1990,96
1886,1941,55
1902,1981,79
1905,2002,97
1905,1971,66
1900,2000,100
1930,2019,89
1960,1990,30
1923,2001,78
1944,1967,23
1924,2018,94
1922,1970,48
1905,1995,90
1929,1950,21
1924,1990,66
1899,1992,93
1926,1996,70
1851,1933,82
1856,1939,83
1863,1926,63
1914,1997,83
1905,1977,72
1856,1918,62
1883,1933,50
1905,1963,58
1899,1967,68
1925,2004,79
1920,2008,88
1911,1972,61
1902,1964,62
1855,1940,85
1909,1998,89
1904,1991,87
1901,1950,49
1918,2010,92
1820,1892,72
1893,1957,64
1931,2015,84
1899,1962,63
1933,2005,72
1894,1961,67
1924,2012,88
1852,1949,97
1934,1934,0
1867,1905,38
1899,1974,75
1920,1950,30
1878,1956,78
1906,1925,19
1881,1938,57
1938,2017,79
1931,2023,92
1880,1920,40
1908,2002,94
1913,1997,84
1882,1900,18
1870,1950,80
1966,2010,44
1851,1936,85
1855,1941,86
1865,1927,62
1856,1935,79
1907,1983,76
1876,1956,80
1898,1977,79
1948,2022,74
1939,2019,80
1940,1992,52
1878,1948,70
1848,1932,84
1908,1983,75
1912,1996,84
1882,1966,84
1932,1991,59
1928,1992,64
1969,1998,29
1888,1955,67
1927,2007,80
1887,1950,63
1888,1965,77
1926,2017,91
1869,1912,43
1891,1892,1
1830,1896,66
1898,1899,1
1863,1903,40
1893,1932,39
1856,1940,84
1899,1944,45
1864,1947,83
1890,1941,51
1849,1933,84
1860,1936,76
1813,1901,88
1930,2009,79
1864,1938,74
1902,1949,47
1866,1961,95
1906,1936,30
1915,2012,97
1884,1970,86
1867,1958,91
1916,1992,76
1893,1974,81
1933,1933,0
1895,1971,76
1952,1952,0
1897,1956,59
1910,1911,1
1889,1959,70
1856,1907,51
1913,1983,70
1917,2013,96
1949,2016,67
1979,1979,0
1940,2018,78
1939,2022,83
1891,1968,77
1892,1927,35
1933,2018,85
1897,1984,87
1957,2010,53
1937,1985,48
1936,1985,49
1938,1986,48
1907,1993,86
1912,2009,97
1908,1966,58
1887,1962,75
1903,2001,98
1876,1945,69
1906,1992,86
1906,1970,64
1874,1956,82
1907,1997,90
1872,1951,79
1884,1969,85
1901,1988,87
1914,2022,108
1875,1953,78
1878,1908,30
1868,1941,73
1899,1977,78
1875,1955,80
1922,2020,98
1920,2018,98
1894,1985,91
1893,1974,81
1927,1983,56
1932,2007,75
1915,2007,92
1918,2007,89
1925,2024,99
1927,2019,92
1898,1982,84
1937,1937,0
1897,1968,71
1909,1992,83
1910,1994,84
1875,1941,66
1875,1968,93
1899,1940,41
1895,1943,48
1867,1957,90
1867,1944,77
1898,1976,78
1896,1980,84
1901,1983,82
1928,2004,76
1923,2012,89
1906,1970,64
1926,1927,1
1872,1958,86
1991,2009,18
1886,1937,51
1914,1962,48
1879,1969,90
1913,1950,37
1913,1974,61
1898,1989,91
1927,2022,95
1928,1999,71
1865,1931,66
1892,1957,65
1891,1966,75
1861,1952,91
1918,1976,58
1917,1989,72
1908,1963,55
1917,1975,58
1868,1921,53
1868,1937,69
1884,1920,36
1926,2017,91
1877,1919,42
1879,1971,92
1890,1967,77
1858,1936,78
1858,1892,34
1911,1986,75
1868,1899,31
1921,2013,92
1931,2022,91
1969,1991,22
1916,1993,77
1859,1933,74
1862,1949,87
1909,1988,79
1895,1895,0
1852,1935,83
1888,1895,7
1870,1945,75
1908,1994,86
1909,1985,76
1947,1998,51
1886,1955,69
1889,1970,81
1887,1907,20
1870,1892,22
1916,2015,99
1873,1930,57
1879,1971,92
1944,1996,52
1993,1993,0
1868,1953,85
1888,1942,54
1934,1993,59
1934,2015,81
1896,1967,71
1928,2016,88
1930,2015,85
1884,1941,57
1915,1986,71
1889,1957,68
1881,1952,71
1882,1950,68
1926,2017,91
1878,1970,92
1887,1987,100
1880,1948,68
1897,1950,53
1892,1949,57
1950,1950,0
1835,1919,84
1898,1985,87
1918,2002,84
1889,1972,83
1902,1985,83
1925,2007,82
1928,2017,89
1917,2000,83
1891,1961,70
1905,1966,61
1858,1946,88
1908,1991,83
1940,2017,77
1944,1944,0
1897,1964,67
1978,1999,21
1891,1939,48
1964,1964,0
1918,2014,96
1890,1920,30
1942,2016,74
1931,2016,85
1911,2007,96
1910,2002,92
1859,1920,61
1865,1928,63
1886,1923,37
1895,1948,53
1907,1946,39
1909,1946,37
1919,1993,74
1899,1990,91
1923,1993,70
1884,1948,64
1895,1940,45
1884,1921,37
1908,2000,92
1880,1912,32
1939,1939,0
1912,1995,83
1847,1940,93
1914,1946,32
1885,1972,87
1885,1967,82
1879,1946,67
1977,1997,20
1871,1958,87
1920,1991,71
1945,1945,0
1923,2013,90
1953,2018,65
1899,1943,44
1923,2000,77
1908,1920,12
1879,1946,67
1929,2014,85
1926,2017,91
1901,1968,67
1878,1966,88
1876,1954,78
1912,1942,30
1904,1933,29
1902,1943,41
1840,1900,60
1951,1951,0
1917,2008,91
1917,1980,63
1973,1973,0
1952,1993,41
1935,1992,57
1933,1999,66
1909,2000,91
1905,1976,71
1886,1930,44
1889,1970,81
1894,1956,62
1910,1992,82
1906,1986,80
1951,1955,4
1912,2008,96
1929,1937,8
1913,2002,89
1889,1950,61
1947,1947,0
1951,1951,0
1895,1994,99
1899,1983,84
1885,1963,78
1918,1937,19
1948,1948,0
1929,1986,57
1892,1981,89
1911,1989,78
1888,1969,81
1889,1976,87
1934,1972,38
1882,1959,77
1926,1926,0
1867,1964,97
1930,1997,67
1896,1899,3
1930,2003,73
1927,2005,78
1958,1958,0
1922,1988,66
1922,2014,92
1894,1955,61
1896,1958,62
1919,2008,89
1893,1972,79
1912,1978,66
1916,1978,62
1925,2010,85
1879,1956,77
1913,2004,91
1900,1985,85
1933,1970,37
1926,1985,59
1872,1959,87
1882,1959,77
1847,1915,68
1956,2001,45
1989,2013,24
1915,1969,54
1888,1950,62
1909,1963,54
1894,1903,9
1805,1907,102
1909,1975,66
1915,2004,89
1832,1902,70
1876,1964,88
1876,1964,88
1885,1979,94
1886,1898,12
1911,2011,100
1909,2001,92
1977,1977,0
1932,2023,91
1922,1922,0
1932,2021,89
1909,1959,50
1979,1979,0
1923,2000,77
1931,2013,82
1905,1979,74
1933,2018,85
1925,1980,55
1912,1996,84
1911,2007,96
1889,1977,88
1879,1949,70
1950,1950,0
1907,1992,85
1896,1987,91
1833,1905,72
1905,1983,78
1877,1937,60
1874,1955,81
1943,2024,81
1917,1978,61
1885,1944,59
1915,2008,93
1911,1950,39
1875,1948,73
1968,1993,25
1918,2012,94
1943,2024,81
1924,1981,57
1950,1984,34
1940,2023,83
1940,2023,83
1921,1921,0
1930,2000,70
1938,1938,0
1938,2004,66
1952,2021,69
1971,2018,47
1879,1937,58
1917,2002,85
1853,1939,86
1866,1933,67
1877,1965,88
1868,1931,63
1880,1899,19
1875,1902,27
1853,1945,92
1848,1931,83
1963,1984,21
1922,2013,91
1921,1997,76
1889,1957,68
1868,1953,85
1905,1967,62
1871,1958,87
1890,1970,80
1866,1927,61
1891,1974,83
1859,1964,105
1910,1995,85
1939,1990,51
1905,1985,80
1951,2006,55
1927,2002,75
1924,2002,78
1881,1975,94
1894,1973,79
1902,1997,95
1901,1988,87
1925,1966,41
1932,2019,87
1886,1978,92
1959,1995,36
1883,1930,47
1942,1965,23
1913,1987,74
1962,1965,3
1938,1965,27
1929,2023,94
1884,1948,64
1926,2000,74
1947,1947,0
1977,2016,39
1962,2009,47
1899,1951,52
1904,1988,84
1901,1973,72
1933,2018,85
1875,1946,71
1908,1908,0
1901,1903,2
1861,1941,80
1912,2002,90
1898,1977,79
1899,1903,4
1896,1918,22
1882,1943,61
1889,1984,95
1901,1904,3
1864,1949,85
1863,1955,92
1920,1920,0
1880,1948,68
1908,1958,50
1912,2000,88
1905,1992,87
1902,2003,101
1906,1985,79
1897,1984,87
1942,1993,51
1922,1923,1
1979,2024,45
1912,1935,23
1955,1966,11
1843,1931,88
1901,1972,71
1905,1993,88
1926,2017,91
1923,2006,83
1900,1976,76
1909,1933,24
1958,2003,45
1870,1931,61
1838,1921,83
1836,1911,75
1938,2021,83
1918,2006,88
1918,2006,88
1899,1982,83
1924,2009,85
1913,1968,55
1968,1968,0
1972,1994,22
1912,1975,63
1909,1993,84
1895,1919,24
1887,1949,62
1874,1901,27
1891,1977,86
1968,1996,28
1970,1996,26
1887,1898,11
1917,1996,79
1954,1954,0
1882,1957,75
1837,1902,65
1894,1950,56
1924,1962,38
1943,2012,69
1920,1989,69
1875,1906,31
1894,1895,1
1829,1894,65
1822,1912,90
1890,1969,79
1911,1988,77
1890,1967,77
1914,2001,87
1860,1926,66
1866,1946,80
1918,1931,13
1928,2012,84
1921,2009,88
1922,2010,88
1932,1996,64
1982,1982,0
1925,1930,5
1900,1985,85
1900,1971,71
1898,1952,54
1877,1949,72
1888,1940,52
1956,2004,48
1935,2016,81
1898,1993,95
1932,2015,83
1936,2019,83
1909,1979,70
1902,1971,69
1901,1979,78
1890,1965,75
1916,1916,0
1893,1916,23
1928,1990,62
1926,2013,87
1926,2003,77
1921,1993,72
1928,1981,53
1934,2001,67
1898,1975,77
1923,2001,78
1906,1994,88
1906,1980,74
1907,2007,100
1931,1950,19
1879,1961,82
1909,1943,34
1979,1981,2
1945,1981,36
1927,2023,96
1920,1996,76
1890,1918,28
1844,1911,67
1879,1929,50
1871,1944,73
1926,1926,0
1901,2000,99
1902,1992,90
1911,1965,54
1913,2009,96
1899,1967,68
1849,1928,79
1857,1919,62
1866,1948,82
1925,2004,79
1919,2013,94
1914,1972,58
1918,1998,80
1905,1987,82
1908,2009,101
1907,1989,82
1915,2002,87
1878,1898,20
1837,1897,60
1863,1891,28
1873,1919,46
1840,1923,83
1887,1941,54
1895,1961,66
1887,1966,79
1846,1898,52
1897,1987,90
1888,1967,79
1885,1980,95
1890,1954,64
1890,1975,85
1876,1939,63
1904,1989,85
1906,1989,83
1904,1924,20
1869,1948,79
1926,2014,88
1948,2019,71
1922,2006,84
1868,1955,87
1921,1921,0
1920,1920,0
1922,2007,85
1927,1985,58
1909,1991,82
1871,1955,84
1910,1984,74
1875,1955,80
1936,2020,84
1903,1941,38
1927,2008,81
1910,1998,88
1903,1975,72
1897,1966,69
1949,1949,0
1930,2019,89
1931,2020,89
1882,1964,82
1885,1963,78
1914,1969,55
1949,1949,0
1913,2002,89
1914,1991,77
1923,1949,26
1908,1962,54
1879,1962,83
1911,1992,81
1918,2014,96
1881,1960,79
1876,1962,86
1836,1922,86
1879,1945,66
1931,2004,73
1909,1993,84
1884,1949,65
1863,1943,80
1885,1922,37
1877,1961,84
1934,2005,71
1915,1970,55
1910,1990,80
1918,1994,76
1857,1929,72
1923,1923,0
1920,1920,0
1867,1941,74
1940,2015,75
1939,2023,84
1920,1920,0
1980,2016,36
1873,1927,54
1869,1962,93
1942,1993,51
1925,2010,85
1930,2018,88
1899,1943,44
1923,2010,87
1924,2010,86
1916,1917,1
1915,1971,56
1915,1997,82
1939,1956,17
1899,1901,2
1915,1919,4
1878,1945,67
1879,1967,88
1914,1939,25
1906,1957,51
1923,1972,49
1946,1972,26
1843,1907,64
1869,1920,51
1898,1991,93
1895,1968,73
1911,1921,10
1878,1954,76
1889,1978,89
1908,1996,88
1909,1996,87
1860,1903,43
1943,1970,27
1912,2001,89
1913,2001,88
1907,1996,89
1903,1971,68
1903,1971,68
1963,2005,42
1928,2012,84
1944,1974,30
1964,2016,52
1891,1953,62
1884,1963,79
1948,1967,19
1912,1998,86
1908,1993,85
1938,2006,68
1921,2003,82
1867,1954,87
1853,1946,93
1942,1942,0
1906,1955,49
1923,2018,95
1904,1995,91
1896,1954,58
1928,2017,89
1928,2018,90
1900,1988,88
1876,1902,26
1884,1974,90
1926,1977,51
1883,1971,88
1923,2015,92
1931,2013,82
1929,2023,94
1903,1903,0
1878,1946,68
1892,1953,61
1865,1958,93
1860,1950,90
1885,1978,93
1859,1943,84
1916,1917,1
1934,2020,86
1890,1920,30
1888,1944,56
1914,2002,88
1885,1974,89
1896,1984,88
1891,1952,61
1959,1959,0
1925,2013,88
1951,2009,58
1901,1942,41
1911,1995,84
1830,1894,64
1829,1917,88
1940,1985,45
1924,1987,63
1928,2013,85
1908,1948,40
1939,2020,81
2000,2000,0
1930,2011,81
1931,2022,91
1908,1948,40
1920,1998,78
1924,2005,81
1901,1966,65
1896,1984,88
1855,1933,78
1845,1928,83
1901,1988,87
1862,1944,82
1893,1977,84
1894,1974,80
1902,1976,74
1927,1991,64
1920,1943,23
1926,1937,11
1915,1987,72
1913,1994,81
1912,1981,69
1960,1960,0
1925,1971,46
1927,2021,94
1919,2014,95
1917,2004,87
1934,1974,40
1958,2014,56
1914,1976,62
1915,2005,90
1846,1925,79
1888,1971,83
1947,2012,65
1915,2003,88
1890,1971,81
1859,1940,81
1893,1982,89
1852,1923,71
1895,1987,92
1887,1960,73
1948,1948,0
1867,1951,84
1864,1916,52
1859,1941,82
1861,1949,88
1938,1984,46
1893,1969,76
1941,2019,78
1936,2016,80
1920,2015,95
1916,1992,76
1914,1976,62
1909,1994,85
1865,1922,57
1863,1922,59
1890,1942,52
1886,1944,58
1920,1920,0
1891,1970,79
1908,1991,83
1909,1971,62
1933,1991,58
1961,2008,47
1979,1986,7
1916,1916,0
1924,2001,77
1892,1926,34
1862,1909,47
1893,1986,93
1896,1981,85
1890,1981,91
1898,1961,63
1899,1979,80
1862,1948,86
1900,1963,63
1925,2002,77
1953,1953,0
1984,2021,37
1916,1998,82
1904,1965,61
1943,1999,56
1912,1996,84
1884,1927,43
1908,2008,100
1874,1940,66
1935,2012,77
1928,2016,88
1910,2004,94
1921,2005,84
1923,1985,62
1892,1966,74
1886,1894,8
1950,1950,0
1860,1940,80
1860,1944,84
1939,2015,76
1908,1994,86
1914,2006,92
1883,1964,81
1880,1969,89
1999,1999,0
1921,2003,82
1916,1983,67
1920,1985,65
1914,1975,61
1943,2009,66
1867,1952,85
1908,1995,87
1915,1980,65
1905,1997,92
1905,1998,93
1887,1920,33
1847,1894,47
1850,1939,89
1921,2009,88
1921,2009,88
1868,1897,29
1950,1950,0
1874,1960,86
1876,1956,80
1874,1944,70
1854,1926,72
1932,1932,0
1903,1983,80
1921,2017,96
1878,1960,82
1924,2013,89
1906,1998,92
1900,1989,89
1880,1926,46
1905,1998,93
1934,1935,1
1906,1983,77
1908,2002,94
1844,1937,93
1887,1955,68
1888,1950,62
1905,2000,95
1906,1966,60
1900,1967,67
1897,1980,83
1887,1973,86
1836,1914,78
1830,1909,79
1905,1928,23
1873,1950,77
1920,1920,0
1923,2014,91
1872,1915,43
1904,1915,11
1917,2013,96
1900,1974,74
1895,1958,63
1863,1944,81
1898,1955,57
1878,1928,50
1897,1972,75
1910,1943,33
1854,1923,69
1889,1965,76
1884,1971,87
1900,1971,71
1894,1957,63
1897,1994,97
1896,1960,64
1912,1982,70
1982,1982,0
1910,1995,85
1984,1984,0
1934,1981,47
1850,1931,81
1884,1968,84
1887,1971,84
1887,1959,72
1882,1953,71
1880,1954,74
1890,1966,76
1899,1971,72
1883,1966,83
1926,2021,95
1940,2011,71
1925,2020,95
1914,1992,78
1895,1907,12
1858,1943,85
1860,1924,64
1892,1901,9
1897,1907,10
1921,1937,16
1943,1970,27
1881,1961,80
1878,1960,82
1884,1986,102
1929,1929,0
1906,1964,58
1929,1939,10
1925,1985,60
1907,1965,58
1930,1953,23
1918,1976,58
1879,1960,81
1885,1957,72
1893,1969,76
1879,1958,79
1892,1988,96
1873,1967,94
1885,1929,44
1940,1984,44
1885,1948,63
1890,1970,80
1898,1971,73
1911,1990,79
1865,1942,77
1909,2006,97
1927,2002,75
1897,1967,70
1873,1943,70
1896,1991,95
1869,1964,95
1875,1955,80
1937,2001,64
1905,2000,95
1900,1901,1
1870,1945,75
1890,1924,34
1868,1946,78
1921,1968,47
1899,1975,76
1888,1966,78
1921,1921,0
1922,1974,52
1895,1956,61
1920,1920,0
1892,1984,92
1887,1970,83
1912,1995,83
1908,1987,79
1913,2005,92
1854,1942,88
1868,1944,76
1875,1955,80
1883,1904,21
1848,1910,62
1891,1946,55
1852,1947,95
1868,1920,52
1830,1904,74
1870,1928,58
1840,1911,71
1891,1946,55
1938,2015,77
1923,2019,96
1948,1948,0
1905,1985,80
1916,1982,66
1889,1980,91
1894,2000,106
1921,2018,97
1922,2017,95
1887,1966,79
1913,1976,63
1923,1984,61
1943,2001,58
1917,2007,90
1922,2018,96
1860,1917,57
1936,2016,80
1866,1939,73
1865,1933,68
1900,1902,2
1861,1936,75
1873,1909,36
1962,2004,42
1864,1947,83
1890,1985,95
1904,1982,78
1907,1980,73
1863,1943,80
1889,1957,68
1881,1952,71
1868,1957,89
1923,1988,65
1910,1956,46
1886,1941,55
1889,1976,87
1909,1990,81
1908,1983,75
1917,2001,84
1918,2006,88
1849,1917,68
1927,2012,85
1918,2001,83
1964,1971,7
1958,2012,54
1907,1970,63
1886,1961,75
1914,2006,92
1890,1960,70
1880,1964,84
1916,1995,79
1865,1933,68
1866,1958,92
1954,1954,0
1893,1949,56
1921,2014,93
1919,2002,83
1890,1949,59
1931,1999,68
1912,1971,59
1921,2008,87
1890,1950,60
1913,1962,49
1887,1936,49
1952,1990,38
1922,2002,80
1886,1937,51
1884,1924,40
1885,1960,75
1921,1999,78
1909,1979,70
1905,1977,72
1927,1997,70
1915,1984,69
1889,1973,84
1915,2003,88
1900,1985,85
1926,2004,78
1877,1939,62
1877,1931,54
1866,1959,93
1895,1973,78
1862,1916,54
1880,1952,72
1880,1977,97
1922,2018,96
1959,2012,53
1887,1947,60
1917,2006,89
1919,2010,91
1917,2012,95
1878,1946,68
1918,2011,93
1925,1963,38
1895,1975,80
1881,1971,90
1864,1947,83
1864,1927,63
1917,2011,94
1919,2011,92
1891,1928,37
1923,2011,88
1885,1950,65
1952,1952,0
1895,1967,72
1924,2008,84
1927,2007,80
1885,1956,71
1889,1956,67
1906,1989,83
1874,1965,91
1903,1983,80
1860,1922,62
1912,2017,105
1903,2000,97
1890,1956,66
1917,1919,2
1848,1916,68
1895,1964,69
1865,1928,63
1932,1999,67
1897,1955,58
1920,2012,92
1910,1958,48
1932,1979,47
1907,1999,92
1912,1991,79
1930,2018,88
1909,1995,86
1910,1983,73
1939,1939,0
1934,2008,74
1914,1937,23
1901,1969,68
1855,1943,88
1889,1964,75
1946,1946,0
1945,1945,0
1900,1985,85
1884,1969,85
1886,1972,86
1866,1960,94
1898,1970,72
1951,1951,0
1915,1988,73
1920,1977,57
1891,1959,68
1865,1912,47
1909,1942,33
1929,1929,0
1880,1962,82
1919,1996,77
1871,1949,78
1898,1993,95
1890,1968,78
1886,1963,77
1906,1985,79
1920,2001,81
1898,1976,78
1883,1969,86
1929,2003,74
1901,1967,66
1915,1950,35
1915,1979,64
1923,1993,70
1896,1980,84
1908,1982,74
1919,1998,79
1920,2003,83
1946,2011,65
1908,1985,77
1929,2010,81
1911,1999,88
1908,2002,94
1932,1932,0
1932,1932,0
1884,1947,63
1921,1940,19
1881,1969,88
1886,1955,69
1940,2019,79
1938,2018,80
1887,1909,22
1870,1938,68
1874,1949,75
1887,1961,74
1879,1969,90
1879,1954,75
1926,1957,31
1922,2013,91
1961,1987,26
1938,1982,44
1892,1969,77
1919,2015,96
1935,1966,31
1922,2005,83
1938,1966,28
1903,1974,71
1923,1953,30
1942,1966,24
1919,2011,92
1900,1987,87
1911,2002,91
1856,1934,78
1899,1952,53
1906,1963,57
1866,1943,77
1855,1929,74
1902,1963,61
1890,1928,38
1933,1933,0
1904,1977,73
1853,1916,63
1971,2021,50
1912,1982,70
1877,1955,78
1887,1951,64
1932,2009,77
1855,1915,60
1913,1996,83
1878,1920,42
1921,1988,67
1947,1982,35
1915,1996,81
1918,2000,82
1903,1948,45
1926,1944,18
1881,1972,91
1913,1995,82
1893,1987,94
1890,1965,75
1875,1953,78
1883,1959,76
1884,1958,74
1914,2000,86
1945,1968,23
1918,2009,91
1920,2001,81
1919,1999,80
1891,1922,31
1864,1944,80
1871,1929,58
1895,1965,70
1893,1983,90
1918,1978,60
1919,2017,98
1877,1951,74
1909,1995,86
1872,1963,91
1930,2021,91
1901,1973,72
1894,1971,77
1923,1968,45
1896,1965,69
1905,1973,68
1948,1980,32
1895,1971,76
1892,1988,96
1901,1973,72
1956,1966,10
1880,1939,59
1892,1976,84
1869,1935,66
1901,1913,12
1863,1944,81
1858,1948,90
1862,1947,85
1930,1930,0
1858,1940,82
1894,1972,78
1904,1964,60
1881,1945,64
1895,1964,69
1885,1925,40
1853,1926,73
1868,1926,58
1891,1951,60
1895,1969,74
1869,1945,76
1908,1976,68
1865,1948,83
1860,1945,85
1896,1899,3
1906,1909,3
1882,1970,88
1861,1953,92
1857,1937,80
1948,2021,73
1898,1918,20
1907,1980,73
1919,2002,83
1886,1950,64
1907,1999,92
1919,1999,80
1918,1991,73
1923,2016,93
1933,2013,80
1959,1979,20
1867,1945,78
1877,1968,91
1917,2010,93
1894,1979,85
1909,2012,103
1813,1898,85
1907,2000,93
1898,1960,62
1990,1990,0
1898,1955,57
1929,2003,74
1923,2006,83
1912,1998,86
1855,1936,81
1855,1925,70
1943,2013,70
1906,1993,87
1910,2002,92
1923,1985,62
1940,2005,65
1855,1921,66
1887,1956,69
1881,1955,74
1895,1927,32
1853,1921,68
1921,1956,35
1892,1968,76
1892,1963,71
1857,1920,63
1923,2003,80
1901,1994,93
1922,1998,76
1895,1975,80
1928,2007,79
1932,1996,64
1943,2021,78
1898,1940,42
1868,1934,66
1904,1904,0
1936,2008,72
1933,2021,88
1907,1994,87
1905,1982,77
1960,1993,33
1869,1938,69
1903,1988,85
1932,2022,90
1991,2002,11
1915,2000,85
1886,1983,97
1893,1977,84
1944,1994,50
1927,2004,77
1929,2018,89
1916,1988,72
1919,1999,80
1911,2002,91
1915,2007,92
1920,2013,93
1916,1987,71
1918,2000,82
1902,1972,70
1902,1972,70
1909,1953,44
1932,1990,58
1893,1979,86
1886,1950,64
1874,1950,76
1880,1969,89
1913,1990,77
1915,2006,91
1887,1963,76
1925,2004,79
1896,1977,81
1895,1951,56
1936,1936,0
1880,1931,51
1889,1933,44
1922,1971,49
1892,1989,97
1882,1965,83
1918,1989,71
1914,1992,78
1920,2010,90
1916,2009,93
1941,1987,46
1963,1964,1
1916,2010,94
1921,2007,86
1946,1979,33
1930,2012,82
1898,1962,64
1893,1974,81
1865,1948,83
1924,1987,63
1881,1960,79
1873,1948,75
1871,1929,58
1895,1968,73
1871,1922,51
1917,2015,98
1889,1889,0
1896,1976,80
1902,2003,101
1894,1973,79
1895,1974,79
1892,1936,44
1864,1918,54
1890,1964,74
1866,1948,82
1870,1932,62
1910,1910,0
1876,1937,61
1901,1920,19
1910,1910,0
1941,1990,49
1906,1983,77
1884,1944,60
1912,2007,95
1908,1978,70
1940,2003,63
1883,1969,86
1865,1940,75
1884,1924,40
1916,1916,0
1888,1925,37
1888,1967,79
1941,2009,68
1938,2010,72
1948,2001,53
1880,1949,69
1949,1949,0
1899,1959,60
1876,1955,79
1940,2018,78
1905,1924,19
1977,1983,6
1932,2024,92
1857,1946,89
1883,1961,78
1903,1999,96
1918,1918,0
1890,1965,75
1845,1922,77
1917,1999,82
1914,1966,52
1911,2004,93
1960,2023,63
1862,1926,64
1989,2022,33
1918,1997,79
1942,1996,54
1868,1905,37
1861,1952,91
1892,1991,99
1939,2019,80
1868,1962,94
1951,1999,48
1926,1983,57
1893,1934,41
1907,1982,75
1905,1961,56
1954,1990,36
1840,1927,87
1897,1901,4
1883,1924,41
1882,1932,50
1877,1962,85
1876,1932,56
1858,1940,82
1866,1959,93
1856,1929,73
1931,2014,83
1915,1947,32
1935,1936,1
1942,1942,0
1934,2002,68
1895,1971,76
1894,1954,60
1926,2008,82
1933,1954,21
1909,2006,97
1903,1987,84
1872,1941,69
1913,1978,65
1888,1970,82
1873,1968,95
1960,1979,19
1885,1957,72
1906,2004,98
1862,1947,85
1933,2014,81
1887,1963,76
1905,1982,77
1936,1956,20
1881,1948,67
1909,1986,77
1915,2010,95
1873,1944,71
1907,1925,18
1879,1947,68
1928,2015,87
1924,1984,60
1874,1947,73
1871,1958,87
1891,1973,82
1858,1935,77
1857,1927,70
1943,1999,56
1917,2014,97
1912,1994,82
1943,1950,7
1883,1978,95
1882,1961,79
1886,1935,49
1888,1937,49
1862,1941,79
1887,1962,75
1971,1976,5
1896,1987,91
1852,1943,91
1951,1951,0
1877,1974,97
1914,1985,71
1910,1980,70
1871,1934,63
1947,2004,57
1952,1952,0
1850,1947,97
1892,1920,28
1876,1957,81
1852,1926,74
1888,1972,84
1878,1963,85
1872,1924,52
1884,1943,59
1885,1978,93
1876,1955,79
1885,1937,52
1884,1956,72
1865,1952,87
1964,1964,0
1921,2011,90
1874,1896,22
1925,2017,92
1935,2020,85
1863,1931,68
1876,1946,70
1891,1934,43
1886,1972,86
1899,1961,62
1842,1893,51
1954,1954,0
1898,1947,49
1915,1997,82
1880,1962,82
1841,1916,75
1910,2004,94
1877,1958,81
1935,1972,37
1919,1999,80
1829,1908,79
1901,1972,71
1866,1925,59
1958,2022,64
1946,1946,0
1886,1955,69
1955,1975,20
1905,1982,77
1926,1999,73
1934,2021,87
1912,2003,91
1850,1904,54
1890,1969,79
1888,1979,91
1929,1994,65
1905,1984,79
1913,1996,83
1952,2020,68
1907,1977,70
1909,1989,80
1911,2003,92
1907,1989,82
1902,1986,84
1925,2011,86
1923,2013,90
1939,2022,83
1888,1970,82
1897,1993,96
1915,1964,49
1903,2000,97
1909,1971,62
1902,1957,55
1906,1982,76
1850,1929,79
1905,1981,76
1877,1951,74
1883,1945,62
1922,1922,0
1853,1930,77
2014,2014,0
1960,1987,27
1987,1987,0
1876,1943,67
1914,1992,78
1912,1997,85
1954,1992,38
1917,2011,94
1907,2008,101
1867,1935,68
1947,2022,75
1906,1972,66
1915,1989,74
1918,1996,78
1935,1968,33
1883,1958,75
1842,1910,68
1904,1977,73
1944,2001,57
1868,1933,65
1934,2009,75
1909,1989,80
1903,1968,65
1982,1985,3
1914,2002,88
1913,2011,98
1957,2020,63
1922,1988,66
1885,1960,75
1887,1972,85
1964,2019,55
1952,2000,48
1917,1993,76
1948,2013,65
1919,2013,94
1924,1991,67
1918,2000,82
1899,1910,11
1964,1981,17
1903,1955,52
1908,1994,86
1908,2000,92
1902,1969,67
1913,1998,85
1910,1980,70
1911,1983,72
1906,1995,89
1877,1951,74
1876,1950,74
1890,1950,60
1890,1950,60
1949,1981,32
1928,2008,80
1945,2003,58
1849,1927,78
1910,1969,59
1877,1950,73
1871,1927,56
1908,1924,16
1882,1953,71
1867,1955,88
1906,1969,63
1897,1976,79
1938,2012,74
1906,1986,80
1874,1953,79
1876,1929,53
1916,1991,75
1936,2021,85
1937,2008,71
1963,2022,59
1847,1925,78
1898,1970,72
1960,1960,0
1928,1963,35
1906,1999,93
1947,2016,69
1919,1974,55
1921,2008,87
1992,1992,0
1862,1930,68
1878,1956,78
1874,1957,83
1872,1933,61
1905,1974,69
1901,1996,95
1872,1949,77
1908,1985,77
1909,1975,66
1936,2023,87
1996,1996,0
1904,2003,99
1908,1994,86
1921,2005,84
1956,1977,21
1923,2018,95
1877,1936,59
1917,1992,75
1878,1945,67
1914,2006,92
1910,1994,84
1912,2004,92
1955,1955,0
1916,1918,2
1910,1951,41
1926,2006,80
1918,1959,41
1882,1964,82
1905,1941,36
1908,1979,71
1911,1969,58
1873,1951,78
1912,1987,75
1913,1997,84
1953,1953,0
1917,2016,99
1894,1941,47
1898,1987,89
1921,1991,70
1918,1949,31
1912,1998,86
1895,1982,87
1883,1899,16
1872,1962,90
1894,1924,30
1872,1912,40
1916,1916,0
1844,1907,63
1952,1952,0
1880,1953,73
1889,1940,51
1887,1970,83
1921,1980,59
1857,1926,69
1922,2008,86
1937,1937,0
1920,1920,0
1905,1958,53
1869,1962,93
1934,1935,1
1915,1939,24
1936,1936,0
1880,1917,37
1956,2018,62
1894,1965,71
1920,2001,81
1919,2015,96
1949,2008,59
1937,2022,85
1941,2020,79
1892,1989,97
1872,1968,96
1881,1903,22
1900,1927,27
1895,1988,93
1893,1974,81
1868,1933,65
1895,1915,20
1911,1973,62
1916,2005,89
1848,1908,60
1866,1934,68
1861,1955,94
1890,1977,87
1885,1928,43
1919,1993,74
1893,1923,30
1893,1917,24
1920,2011,91
1924,2014,90
1877,1948,71
1900,1977,77
1917,1935,18
1889,1956,67
1940,2023,83
1918,1993,75
1915,1984,69
1894,1946,52
1893,1975,82
1896,1994,98
1940,2012,72
1932,2012,80
1890,1963,73
1887,1959,72
1936,1964,28
1907,1954,47
1979,1994,15
1954,2017,63
1905,1994,89
1931,1989,58
1933,1990,57
1903,1992,89
1917,1984,67
1903,1974,71
1913,2002,89
1886,1947,61
1938,2022,84
1972,2017,45
1856,1929,73
1875,1965,90
1912,1946,34
1848,1926,78
1879,1951,72
1958,1958,0
1913,1988,75
1913,2013,100
1929,1971,42
1894,1972,78
1895,1977,82
1916,1988,72
1912,2012,100
1912,2012,100
1989,2021,32
1870,1939,69
1946,2001,55
1926,1988,62
1930,2004,74
1930,2016,86
1873,1954,81
1886,1979,93
1927,1927,0
1879,1952,73
1956,2018,62
1961,2020,59
1931,1999,68
1980,2009,29
1913,2018,105
1906,1970,64
1911,1970,59
1891,1972,81
1892,1953,61
1908,2002,94
1916,2000,84
1887,1986,99
1927,2013,86
1904,1967,63
1899,1962,63
1874,1948,74
1957,2007,50
1878,1971,93
1914,2001,87
1913,1981,68
1866,1933,67
1898,1934,36
1837,1934,97
1872,1943,71
1902,1953,51
1838,1901,63
1897,1960,63
1859,1956,97
1928,2021,93
1896,1985,89
1893,1964,71
1895,1990,95
1865,1938,73
1894,1964,70
1866,1916,50
1933,1933,0
1884,1968,84
1896,1991,95
1885,1963,78
1878,1961,83
1939,2005,66
1911,1959,48
1934,2022,88
1889,1968,79
1934,2022,88
1925,2020,95
1916,2015,99
1953,1953,0
1918,1980,62
1907,1998,91
1905,1990,85
1918,1999,81
1913,1999,86
1871,1953,82
1864,1960,96
1936,2021,85
1864,1936,72
1892,1984,92
1874,1958,84
1897,1989,92
2022,2022,0
1915,2002,87
1918,2012,94
1914,1997,83
1916,2006,90
1946,1966,20
1928,2015,87
1908,1961,53
1908,2000,92
1879,1961,82
1877,1968,91
1949,2012,63
1907,1959,52
1927,1987,60
1903,1978,75
1910,1987,77
1906,1993,87
1912,2001,89
1905,1977,72
1943,2020,77
1898,1958,60
1925,1993,68
1909,1971,62
1878,1962,84
1958,1958,0
1911,1964,53
1909,1993,84
1911,1973,62
1907,1996,89
1918,1944,26
1924,1964,40
1874,1963,89
1884,1943,59
1912,1992,80
1880,1945,65
1837,1928,91
1892,1973,81
1886,1972,86
1882,1955,73
1900,1980,80
1919,1996,77
1910,1999,89
1923,1949,26
1908,1999,91
1913,2005,92
1909,1993,84
1883,1963,80
1909,1984,75
1886,1952,66
1910,1994,84
1908,1988,80
1906,1997,91
1906,1992,86
1905,1972,67
1936,2010,74
1890,1948,58
1879,1963,84
1928,1962,34
1897,1961,64
1992,1992,0
1892,1949,57
1925,2007,82
1915,1995,80
1885,1969,84
1916,1984,68
1885,1947,62
1958,1958,0
1921,1977,56
2016,2016,0
1856,1932,76
1944,1944,0
1905,1985,80
1964,2018,54
1913,1986,73
1944,1944,0
1886,1982,96
1885,1976,91
1920,2011,91
1950,2019,69
1924,1998,74
1952,2016,64
1899,1991,92
1894,1966,72
1938,2005,67
1941,2019,78
1997,1997,0
1973,2011,38
1939,2019,80
1970,2013,43
1907,1982,75
1908,1995,87
1911,2001,90
1890,1941,51
1872,1947,75
1902,1903,1
1872,1949,77
1880,1945,65
1905,1905,0
1940,2020,80
1934,2017,83
1892,1976,84
1908,1975,67
1890,1969,79
1880,1964,84
1852,1927,75
1887,1969,82
1863,1936,73
1892,1937,45
1883,1970,87
1891,1973,82
1870,1944,74
1878,1954,76
1983,2019,36
1826,1896,70
1932,1993,61
1913,1966,53
1919,2014,95
1923,2014,91
1922,2001,79
1900,1986,86
1901,1963,62
1866,1944,78
1927,1994,67
1873,1940,67
1924,1986,62
1928,1974,46
1918,1989,71
1893,1951,58
1958,1958,0
1929,1985,56
1913,1970,57
1895,1986,91
1962,1963,1
1932,1981,49
1896,1942,46
1908,1994,86
1866,1920,54
1857,1939,82
1900,1989,89
1927,1999,72
1870,1948,78
1917,1985,68
1897,1976,79
1921,2009,88
1848,1926,78
1847,1925,78
1945,1981,36
1884,1951,67
1846,1928,82
1889,1982,93
1905,1905,0
1861,1953,92
1919,1919,0
1919,1925,6
1896,1989,93
1895,1985,90
1878,1959,81
1908,1941,33
1863,1936,73
1921,1989,68
1919,2015,96
1912,1989,77
1931,1979,48
1921,1988,67
1878,1904,26
1849,1898,49
1938,1938,0
1936,1936,0
1928,2021,93
1912,1981,69
1949,2023,74
1948,2008,60
1910,2000,90
1872,1967,95
1867,1950,83
1906,1994,88
1915,2005,90
1942,1987,45
1917,1979,62
1890,1962,72
1897,1986,89
1929,2019,90
1931,2014,83
1936,1998,62
1962,2014,52
1938,2017,79
1909,2007,98
1909,1999,90
1922,2010,88
1947,2009,62
2010,2010,0
1907,1982,75
1914,1983,69
1876,1920,44
1909,1909,0
1900,1989,89
1919,1919,0
1895,1962,67
1868,1937,69
1921,2004,83
1948,2007,59
1932,1997,65
1901,1994,93
1902,1994,92
1936,2011,75
2004,2004,0
1915,1983,68
1924,2021,97
1902,1992,90
1899,1959,60
1896,1956,60
1902,2002,100
1928,1949,21
1894,1949,55
1921,2013,92
1904,1977,73
1915,2004,89
1875,1936,61
1867,1937,70
1868,1952,84
1912,2006,94
1903,1982,79
1867,1927,60
1874,1958,84
1961,2021,60
1910,1959,49
1848,1935,87
1895,1965,70
1884,1965,81
1906,1959,53
1873,1937,64
1932,2015,83
1886,1953,67
1919,2011,92
1858,1915,57
1896,1983,87
1896,1955,59
1881,1955,74
1926,1927,1
1921,2007,86
1888,1974,86
1955,1992,37
1882,1945,63
1888,1945,57
1892,1957,65
1911,1992,81
1897,1898,1
1910,1973,63
1887,1973,86
1934,2010,76
1881,1975,94
1910,1984,74
1897,1976,79
1887,1951,64
1856,1943,87
1889,1940,51
1856,1941,85
1884,1927,43
1889,1969,80
1932,2021,89
1880,1935,55
1905,1978,73
1904,1986,82
1847,1924,77
1842,1923,81
1876,1942,66
1876,1956,80
1910,1988,78
1866,1940,74
1854,1933,79
1892,1930,38
1889,1972,83
1919,1954,35
1926,1926,0
1905,1933,28
1983,1983,0
1902,1950,48
1891,1918,27
1862,1955,93
1871,1903,32
1910,1994,84
1911,1978,67
1931,2006,75
1842,1910,68
1880,1900,20
1841,1928,87
1946,1948,2
1922,1961,39
1861,1924,63
1891,1968,77
1878,1944,66
1880,1973,93
1910,1959,49
1905,1990,85
1908,1985,77
1844,1922,78
1924,2016,92
1922,1989,67
1907,1978,71
1869,1915,46
1869,1963,94
1901,1989,88
1906,1956,50
1932,2015,83
1896,1975,79
1925,2004,79
1897,1983,86
1883,1962,79
1884,1971,87
1876,1945,69
1869,1938,69
1924,1985,61
1861,1928,67
1929,2015,86
1951,1998,47
1869,1937,68
1964,1964,0
1929,2015,86
1917,2000,83
1880,1973,93
1928,2020,92
1960,1984,24
1924,2008,84
1871,1955,84
1915,1984,69
1871,1955,84
1870,1951,81
1825,1892,67
1919,1974,55
1900,1980,80
1900,1941,41
1881,1947,66
1881,1949,68
1857,1921,64
1860,1933,73
1961,1961,0
1928,2011,83
1927,2008,81
1901,1937,36
1878,1957,79
1912,2001,89
1880,1921,41
1906,1970,64
1885,1959,74
1875,1955,80
1928,1986,58
1935,1971,36
1927,2007,80
1921,2014,93
1912,1989,77
1916,1999,83
1921,1995,74
1893,1965,72
1915,1922,7
1888,1969,81
1917,1996,79
1887,1963,76
1890,1960,70
1846,1921,75
1916,2006,90
1888,1957,69
1896,1968,72
1953,1997,44
1925,2021,96
1924,1987,63
1894,1980,86
1895,1969,74
1976,2006,30
1914,1992,78
1907,1971,64
1942,2019,77
1941,2022,81
1901,1916,15
1872,1948,76
1864,1959,95
1842,1921,79
1833,1916,83
1947,2016,69
1921,2017,96
1918,2011,93
1920,1969,49
1926,2008,82
1893,1982,89
1922,1994,72
1896,1975,79
1883,1955,72
1877,1963,86
1870,1962,92
1875,1952,77
1904,1948,44
1892,1975,83
1877,1961,84
1852,1925,73
1855,1932,77
1902,1995,93
1908,1997,89
1908,1964,56
1895,1897,2
1936,1972,36
1931,2009,78
1924,2008,84
1910,1996,86
1920,1993,73
1933,1999,66
1930,1968,38
1926,1970,44
1985,1985,0
1883,1946,63
1884,1959,75
1846,1932,86
1969,2014,45
1880,1961,81
1923,2003,80
1891,1959,68
1895,1986,91
1902,1978,76
1875,1925,50
1949,1949,0
1897,1898,1
1882,1930,48
1892,1940,48
1879,1968,89
1920,2020,100
1882,1959,77
1868,1957,89
1906,1996,90
1975,2015,40
1917,2010,93
1893,1965,72
1874,1960,86
1941,1941,0
1961,2022,61
1845,1920,75
1836,1917,81
1904,2007,103
1885,1948,63
1901,1978,77
1866,1942,76
1857,1908,51
1883,1967,84
1855,1924,69
1873,1938,65
1925,1925,0
1887,1965,78
1903,1931,28
1890,1977,87
1927,1961,34
1948,1986,38
1884,1973,89
1873,1955,82
1910,1993,83
1907,1978,71
1915,1970,55
1913,1998,85
1948,2017,69
1877,1935,58
1883,1967,84
1901,1966,65
1900,1986,86
1879,1934,55
1850,1921,71
1901,1996,95
1891,1976,85
1912,1971,59
1902,1995,93
1854,1929,75
1912,1987,75
1932,2009,77
1913,2004,91
1910,1980,70
1910,2011,101
1913,1998,85
1939,1989,50
1952,1952,0
1937,2016,79
1950,1950,0
2015,2015,0
1884,1970,86
1862,1911,49
1866,1910,44
1897,1956,59
1949,2020,71
1919,1997,78
1918,2007,89
1921,1984,63
1985,2008,23
1949,2010,61
1921,1987,66
1900,1983,83
1898,1979,81
1954,2010,56
1879,1905,26
1956,1956,0
1832,1908,76
1830,1905,75
1905,1992,87
1909,1993,84
1927,2013,86
1912,1999,87
1914,1990,76
1896,1969,73
1874,1949,75
1900,1901,1
1892,1981,89
1865,1933,68
1930,2010,80
1910,1999,89
1931,2011,80
1904,1946,42
1934,2012,78
1879,1894,15
1890,1957,67
1912,2016,104
1911,1965,54
1878,1954,76
1908,1955,47
1878,1955,77
1881,1959,78
1859,1947,88
1861,1936,75
1872,1925,53
1990,1990,0
1930,2015,85
1913,1966,53
1932,2009,77
1932,2019,87
1932,2014,82
1862,1938,76
1870,1945,75
1864,1897,33
1879,1950,71
1860,1938,78
1903,1963,60
1910,1991,81
1907,1976,69
1919,1989,70
1924,2007,83
1883,1963,80
1923,2014,91
1885,1947,62
1956,2021,65
1920,1985,65
1920,2016,96
1993,2016,23
1906,1942,36
1868,1944,76
1939,1939,0
1899,1920,21
1943,2010,67
1928,2010,82
1865,1950,85
1934,2016,82
1950,2014,64
1912,1996,84
1937,2021,84
1911,1988,77
1920,2004,84
1890,1981,91
1903,1958,55
1902,1950,48
1891,1935,44
1890,1975,85
1884,1944,60
1928,2018,90
1926,2007,81
1891,1975,84
1902,1987,85
1906,2008,102
1902,1967,65
1883,1926,43
1882,1951,69
1914,1928,14
1975,2005,30
1927,1971,44
1935,2010,75
1959,1991,32
1903,1989,86
1950,2015,65
1846,1922,76
1863,1956,93
1872,1946,74
1913,2011,98
1932,1978,46
1861,1948,87
1866,1925,59
1912,2009,97
1889,1939,50
1918,1992,74
1885,1958,73
1879,1961,82
1865,1928,63
1891,1968,77
1919,2012,93
1849,1917,68
1915,1989,74
1970,2000,30
1914,1979,65
1948,1982,34
1890,1945,55
1918,1994,76
1889,1952,63
1921,2002,81
1893,1902,9
1890,1982,92
1861,1938,77
1916,2004,88
1925,2015,90
1916,1996,80
1899,1977,78
1899,1980,81
1893,1963,70
1899,1991,92
1906,2002,96
1906,1961,55
1948,1948,0
1909,2000,91
1934,1934,0
1908,2000,92
1908,1973,65
1934,2024,90
1906,2000,94
1939,1939,0
1905,2006,101
1912,1980,68
1943,1990,47
1876,1948,72
1871,1935,64
1913,1936,23
1932,2002,70
1931,2020,89
1851,1930,79
1895,1967,72
1857,1941,84
1853,1923,70
1887,1956,69
1855,1898,43
1878,1953,75
1894,1977,83
1965,1987,22
1843,1928,85
1859,1928,69
1892,1947,55
1846,1909,63
1889,1984,95
1884,1920,36
1852,1944,92
1907,1920,13
1922,2020,98
1922,2009,87
1923,2015,92
1925,2007,82
1870,1954,84
1866,1943,77
1881,1947,66
1888,1918,30
1861,1925,64
1850,1922,72
1930,2021,91
1929,2017,88
1940,2020,80
1904,1952,48
1904,1982,78
1880,1956,76
1876,1945,69
1864,1945,81
1887,1968,81
1862,1938,76
1903,1917,14
1966,2013,47
1882,1962,80
1880,1916,36
1938,2016,78
1936,2014,78
1879,1956,77
1909,1997,88
1900,1952,52
1900,1971,71
1925,2007,82
1948,1996,48
1921,1981,60
1887,1973,86
1880,1939,59
1875,1950,75
1925,2017,92
1932,1991,59
1902,1949,47
1889,1968,79
1924,2002,78
1916,2008,92
1972,1984,12
1846,1929,83
1853,1923,70
1933,2013,80
1911,1952,41
1936,1938,2
1934,2003,69
1880,1943,63
1953,1953,0
1862,1926,64
1869,1939,70
1878,1963,85
1874,1964,90
1927,2014,87
1920,2019,99
1921,2008,87
1902,1979,77
1921,1984,63
1891,1990,99
1877,1950,73
1918,1929,11
1918,1929,11
1910,1998,88
1883,1962,79
1911,1979,68
1921,1986,65
1907,1925,18
1913,1998,85
1945,2010,65
1922,2014,92
1920,1920,0
1925,2003,78
1950,1971,21
1919,2002,83
1889,1955,66
1891,1965,74
1956,1970,14
1917,1986,69
1918,2012,94
1919,1993,74
1946,2021,75
1896,1958,62
1891,1989,98
1944,1998,54
1914,1993,79
1921,2010,89
1923,1993,70
1916,2011,95
1952,1967,15
1908,1950,42
1920,1997,77
1923,1998,75
1922,1992,70
1923,1989,66
1909,1993,84
1907,1980,73
1917,2003,86
1904,1954,50
1879,1951,72
1867,1923,56
1918,2004,86
1907,1979,72
1914,1991,77
1910,1974,64
1913,2007,94
1910,1974,64
1913,2007,94
1907,1925,18
1953,2023,70
1879,1948,69
1904,1976,72
1905,1968,63
1879,1947,68
1943,1944,1
1880,1967,87
1894,1956,62
1967,1967,0
1855,1904,49
1915,2000,85
1918,2006,88
1910,2003,93
1899,1968,69
1824,1903,79
1934,2018,84
1958,1958,0
1937,1937,0
1907,1949,42
1919,1992,73
1915,1998,83
1945,1974,29
1909,1987,78
1914,1978,64
1907,1965,58
1920,1996,76
1922,1987,65
1848,1941,93
1846,1909,63
1978,2006,28
1886,1944,58
1892,1990,98
1886,1964,78
1875,1951,76
1912,1968,56
1919,2004,85
1883,1953,70
1914,1961,47
1887,1966,79
1919,2020,101
1920,1930,10
1952,1980,28
1915,1938,23
1932,2023,91
1899,1918,19
1873,1952,79
1858,1919,61
1934,2024,90
1930,2024,94
1939,1939,0
1890,1973,83
1913,1937,24
1914,1993,79
1916,1992,76
1951,1951,0
1941,1999,58
1887,1948,61
1885,1960,75
1920,1948,28
1913,2002,89
1945,2015,70
1884,1959,75
1910,1996,86
1885,1955,70
1913,1989,76
1908,1989,81
1922,1988,66
1881,1938,57
1936,1938,2
1898,1989,91
1896,1987,91
1930,1961,31
1916,1993,77
1911,2005,94
1978,2021,43
1926,1926,0
1926,1926,0
1902,1971,69
1889,1981,92
1855,1903,48
1917,1931,14
1897,1968,71
1946,1948,2
1881,1963,82
1889,1970,81
1896,1897,1
1908,1993,85
1954,1975,21
1927,2012,85
1920,2011,91
1894,1974,80
1894,1993,99
1927,2016,89
1919,1989,70
1851,1901,50
1914,1978,64
1921,2011,90
1892,1960,68
1938,1938,0
1883,1898,15
1913,1992,79
1919,1919,0
1875,1945,70
1902,1967,65
1857,1943,86
1906,1965,59
1905,1989,84
1910,1971,61
1936,1994,58
1927,2021,94
1926,2009,83
1861,1955,94
1889,1971,82
1884,1958,74
1947,1978,31
1847,1923,76
1874,1954,80
1877,1942,65
1904,1949,45
1907,1908,1
1878,1946,68
1885,1913,28
1954,2012,58
1924,2006,82
1916,1916,0
1918,2002,84
1901,1990,89
1909,2003,94
1845,1921,76
1856,1933,77
1861,1948,87
1874,1938,64
1923,1986,63
1980,1980,0
1939,2021,82
1929,2009,80
1912,1999,87
1909,1983,74
1935,2018,83
1908,2003,95
1932,1973,41
1890,1974,84
1893,1975,82
1945,1999,54
1904,1976,72
1875,1926,51
1876,1968,92
1886,1945,59
1879,1959,80
1845,1910,65
1915,1915,0
1889,1971,82
1875,1923,48
1931,1931,0
1949,1949,0
1949,1949,0
1929,2022,93
1918,1920,2
1868,1935,67
1862,1939,77
1873,1966,93
1880,1902,22
1894,1959,65
1892,1945,53
1906,1990,84
1907,1995,88
1913,1970,57
1912,1971,59
1969,1983,14
1932,2020,88
1891,1977,86
1920,2014,94
1889,1982,93
1879,1935,56
1892,1978,86
1924,2008,84
1896,1979,83
1921,2019,98
1935,2019,84
1867,1904,37
1849,1917,68
1894,1981,87
1950,2005,55
2008,2008,0
1955,1996,41
1884,1895,11
1928,2008,80
1842,1928,86
1864,1939,75
1891,1933,42
1909,1984,75
1932,1932,0
1898,1956,58
1906,1993,87
1923,2007,84
1910,1999,89
1916,1999,83
1930,2022,92
1930,2006,76
1925,2000,75
1872,1951,79
1909,1991,82
1905,1976,71
1854,1937,83
1916,2000,84
1916,2006,90
1883,1971,88
1875,1943,68
1879,1959,80
1858,1922,64
1850,1943,93
1892,1955,63
1898,1973,75
1858,1934,76
1868,1954,86
1887,1888,1
1955,1980,25
1921,1968,47
1916,1989,73
1914,1989,75
1886,1938,52
1893,1968,75
1859,1937,78
1868,1945,77
1852,1940,88
1860,1939,79
1874,1960,86
1869,1941,72
1894,1969,75
1900,1989,89
1954,1983,29
1934,1978,44
1944,1944,0
1913,1982,69
1911,2016,105
1921,2016,95
1867,1948,81
1914,1969,55
1990,1990,0
1989,1989,0
1909,1990,81
1862,1932,70
2006,2006,0
1901,1901,0
1910,1969,59
1883,1931,48
1949,1949,0
1885,1980,95
1925,2015,90
1913,2006,93
1883,1956,73
1883,1968,85
1910,1925,15
1888,1956,68
1900,1903,3
1857,1913,56
1879,1971,92
1906,1994,88
1854,1918,64
1882,1919,37
1905,1983,78
1908,1979,71
1909,1973,64
1911,1989,78
1907,1975,68
1901,1979,78
1931,2012,81
1900,1978,78
1897,1953,56
1927,1927,0
1890,1947,57
1893,1970,77
1935,1953,18
1872,1953,81
1836,1895,59
1870,1957,87
1834,1926,92
1917,1979,62
1912,2003,91
1871,1958,87
1898,1978,80
1935,1938,3
1903,1982,79
1896,1980,84
1872,1933,61
1900,1979,79
1911,1984,73
1910,1994,84
1935,2006,71
1883,1949,66
1910,1976,66
1818,1900,82
1909,1929,20
1905,1993,88
1869,1911,42
1876,1956,80
1980,1981,1
1955,1981,26
1904,1980,76
1877,1948,71
1871,1953,82
1863,1956,93
1909,1950,41
1897,1899,2
1901,1981,80
1893,1921,28
1884,1901,17
1928,2022,94
1901,1978,77
1906,1996,90
1946,2014,68
1855,1928,73
1953,1974,21
1919,1999,80
1915,1999,84
1851,1922,71
1861,1949,88
1854,1926,72
1857,1949,92
1923,2011,88
1893,1988,95
1861,1946,85
1895,1983,88
1949,1949,0
1895,1970,75
1920,2004,84
1927,2005,78
1942,2012,70
1936,2001,65
1937,2021,84
1847,1920,73
1848,1928,80
1936,1993,57
1883,1934,51
1898,1984,86
1899,1968,69
1895,1963,68
1932,2018,86
1892,1995,103
1955,2009,54
1942,2019,77
1872,1947,75
1903,1999,96
1893,1972,79
1925,2020,95
1927,2016,89
1882,1972,90
1896,1949,53
1931,1931,0
1929,1930,1
1909,2003,94
1907,1986,79
1905,1999,94
1960,1960,0
1914,2015,101
1942,1972,30
1916,2012,96
1874,1935,61
1878,1948,70
1889,1971,82
1853,1902,49
1855,1920,65
1899,1975,76
1877,1949,72
1882,1972,90
1855,1930,75
1861,1927,66
1853,1922,69
1959,1959,0
1939,1970,31
1931,2007,76
1887,1966,79
1966,1976,10
1936,2021,85
1935,1990,55
1956,1976,20
1875,1952,77
1953,2019,66
1885,1968,83
1915,2009,94
1920,2011,91
1892,1945,53
1917,2019,102
1888,1974,86
1920,1980,60
1890,1952,62
1873,1959,86
1859,1895,36
1972,1972,0
1890,1984,94
1892,1965,73
1892,1959,67
1958,1958,0
1928,2010,82
1927,2003,76
1982,1982,0
1928,1934,6
1943,2005,62
1917,2010,93
1922,2019,97
1870,1948,78
1954,2019,65
1884,1976,92
1886,1958,72
1938,2017,79
1936,2020,84
1920,2014,94
1923,2014,91
2011,2011,0
2011,2011,0
1932,2014,82
1935,2020,85
1920,1995,75
1948,2024,76
1983,1983,0
1923,2003,80
1912,1966,54
1915,1980,65
1884,1918,34
1877,1950,73
1865,1927,62
1921,1952,31
1944,1944,0
1944,1944,0
1920,2002,82
1927,2007,80
1975,1975,0
1917,1989,72
1952,1976,24
1949,2011,62
1930,2022,92
1919,2011,92
1955,1955,0
1920,1999,79
1921,1995,74
1917,2011,94
1920,2008,88
1947,1960,13
1909,1987,78
1911,1969,58
1887,1981,94
1904,1993,89
1904,1963,59
1909,1992,83
1912,1998,86
1878,1926,48
1867,1944,77
1856,1930,74
1883,1905,22
1890,1898,8
1918,1983,65
1981,2024,43
1915,2002,87
1913,2008,95
1896,1897,1
1914,2000,86
1939,2016,77
1944,2019,75
1918,2015,97
1918,1995,77
1877,1928,51
1961,1966,5
1920,1990,70
1905,1979,74
1890,1957,67
1854,1929,75
1850,1918,68
1934,2011,77
1930,2009,79
1928,2016,88
1959,1959,0
1965,1995,30
1922,1972,50
1919,2008,89
1893,1959,66
1912,1978,66
1917,1917,0
1892,1917,25
1927,1927,0
1886,1965,79
1925,1931,6
1897,1994,97
1897,1977,80
1941,1985,44
1871,1958,87
1907,1973,66
1899,1969,70
1921,1988,67
1897,1976,79
1918,1943,25
1878,1971,93
1908,1993,85
1874,1931,57
2002,2002,0
1935,2021,86
1943,2012,69
1992,1993,1
1992,1992,0
1887,1945,58
1878,1953,75
1876,1946,70
1865,1924,59
1875,1895,20
1865,1924,59
1875,1895,20
1913,1994,81
1905,1980,75
1900,1961,61
1861,1917,56
1867,1939,72
1917,1998,81
1915,2012,97
1833,1902,69
1862,1895,33
1856,1957,101
1831,1907,76
1929,1999,70
1897,1976,79
1894,1956,62
1894,1977,83
1900,1954,54
1906,1970,64
1884,1918,34
1962,2020,58
1879,1941,62
1876,1960,84
1826,1903,77
1826,1926,100
1826,1914,88
1854,1926,72
1918,1966,48
1888,1982,94
1913,1965,52
1898,1972,74
1887,1973,86
1918,1983,65
1889,1959,70
1894,1975,81
1917,1959,42
1924,1982,58
1960,2001,41
1941,1941,0
1915,1964,49
1870,1923,53
1878,1961,83
1944,1997,53
1990,2007,17
1903,1986,83
1872,1940,68
1927,2010,83
1880,1952,72
1910,1957,47
1915,2018,103
1871,1952,81
1920,1996,76
1890,1962,72
1857,1946,89
1892,1989,97
1915,2010,95
1920,2007,87
1953,2024,71
1899,1959,60
1896,1979,83
1869,1938,69
1874,1959,85
1914,1981,67
1922,1949,27
1913,1979,66
1852,1939,87
1896,1958,62
1862,1921,59
1948,2016,68
1923,2012,89
1898,1983,85
1858,1939,81
1855,1934,79
1922,2009,87
1940,1940,0
1930,2016,86
1953,1953,0
1892,1969,77
1891,1979,88
1912,1992,80
1910,1975,65
1959,1990,31
1931,2013,82
1861,1952,91
1855,1942,87
1884,1966,82
1899,1960,61
1928,2017,89
1873,1954,81
1871,1957,86
1911,1998,87
1909,1999,90
1950,2018,68
1920,1995,75
1914,1994,80
1909,2005,96
1905,1982,77
1842,1904,62
1913,1999,86
1906,1977,71
1887,1975,88
1906,1963,57
1911,1999,88
1914,2012,98
1899,1988,89
1886,1963,77
1921,1964,43
1860,1947,87
1890,1950,60
1859,1939,80
1931,2009,78
1914,1985,71
1904,1967,63
1888,1977,89
1916,1939,23
1854,1938,84
1841,1896,55
1878,1967,89
1845,1915,70
1880,1893,13
1889,1988,99
1885,1978,93
1893,1981,88
1927,2000,73
1849,1911,62
1925,1925,0
1886,1925,39
2006,2006,0
1907,1981,74
1939,2006,67
1913,2000,87
1913,2003,90
1885,1967,82
1900,1967,67
1874,1934,60
1874,1961,87
1901,1992,91
1900,1992,92
1866,1941,75
1862,1934,72
1894,1977,83
1897,1934,37
1931,1931,0
1921,1927,6
1923,1986,63
1923,2009,86
1923,1985,62
1922,1994,72
1896,1982,86
1908,1997,89
1907,1991,84
1869,1901,32
1858,1938,80
1895,1962,67
1916,2019,103
1917,1993,76
1894,1954,60
1873,1941,68
1914,2002,88
1915,2001,86
1894,1968,74
1891,1960,69
1952,1952,0
1884,1944,60
1890,1957,67
1904,1991,87
1866,1930,64
1822,1905,83
1869,1940,71
1849,1940,91
1824,1902,78
1951,2022,71
1906,1964,58
1857,1937,80
1854,1882,28
1884,1930,46
1883,1947,64
1919,1974,55
1914,1980,66
1883,1902,19
1880,1961,81
1903,1991,88
1857,1926,69
1849,1929,80
1857,1930,73
1930,2013,83
1875,1931,56
1877,1973,96
1856,1918,62
1860,1938,78
1862,1901,39
1929,1978,49
1881,1959,78
1918,2001,83
1914,1998,84
1918,1993,75
1893,1968,75
1919,2003,84
1942,1977,35
1965,2015,50
1878,1968,90
1909,2005,96
1910,1964,54
1948,1948,0
1905,1983,78
1894,1968,74
1925,1961,36
1912,1965,53
1928,1997,69
1937,2000,63
1952,2014,62
1910,1910,0
1886,1887,1
1883,1962,79
1882,1928,46
1944,1988,44
1930,1982,52
1901,1984,83
1892,1927,35
1892,1979,87
1954,1954,0
1958,1961,3
1890,1984,94
1912,2004,92
1911,2008,97
1908,2002,94
1884,1971,87
1881,1969,88
1908,1980,72
1854,1919,65
1848,1932,84
1874,1896,22
1883,1955,72
1856,1936,80
1918,2012,94
1895,1985,90
1941,1941,0
1842,1916,74
1931,2018,87
1925,1976,51
1926,1936,10
1893,1943,50
1889,1955,66
1931,2021,90
1927,2013,86
1852,1923,71
1843,1926,83
1959,1994,35
1925,1970,45
1914,2001,87
1924,1999,75
1921,1921,0
1890,1962,72
1861,1942,81
1921,2003,82
1923,2007,84
1929,1983,54
1928,2001,73
1958,2021,63
1884,1958,74
1880,1973,93
1889,1930,41
1880,1966,86
1939,1997,58
1974,1974,0
1869,1905,36
1890,1974,84
1885,1970,85
1925,1983,58
1878,1966,88
1882,1968,86
1956,2000,44
1957,2004,47
1937,2018,81
1943,2022,79
1902,1976,74
1930,2009,79
1934,2014,80
1885,1928,43
1910,1920,10
1880,1934,54
1891,1964,73
1907,1935,28
1961,2023,62
1869,1954,85
1868,1948,80
1918,1993,75
1922,2002,80
2011,2011,0
1913,1944,31
1914,1927,13
1909,1983,74
1923,1973,50
1913,2000,87
1894,1979,85
1855,1928,73
1920,1921,1
1894,1981,87
1896,1984,88
1917,2001,84
1860,1944,84
1922,1993,71
1936,1937,1
1922,1980,58
1922,1989,67
1921,2016,95
1932,2023,91
1896,1947,51
1940,2012,72
1834,1919,85
1867,1916,49
1903,1974,71
1900,1902,2
1880,1967,87
1914,1914,0
1910,1939,29
1868,1957,89
1843,1928,85
1873,1940,67
1918,2008,90
1875,1955,80
1946,1993,47
1879,1983,104
1902,1981,79
1871,1891,20
1860,1927,67
1915,1954,39
1901,1972,71
1940,1985,45
1948,1948,0
1873,1901,28
1867,1953,86
1875,1934,59
1850,1918,68
1957,2022,65
1909,1998,89
1908,1995,87
1923,2005,82
1904,1986,82
1900,1989,89
1905,1972,67
1978,2005,27
1880,1975,95
1896,1978,82
1867,1956,89
1929,1929,0
1902,1966,64
1891,1955,64
1926,2019,93
1928,2015,87
1890,1987,97
1897,1988,91
1885,1964,79
1896,1944,48
1892,1975,83
1890,1973,83
1948,1948,0
1914,1949,35
1896,1978,82
1912,1966,54
1901,1988,87
1880,1954,74
1889,1974,85
1967,1967,0
1949,2023,74
1981,1981,0
1967,1967,0
1946,2016,70
1929,1930,1
1879,1961,82
1881,1968,87
1905,1982,77
1965,2014,49
1887,1954,67
1933,2002,69
1922,2004,82
1898,1970,72
1905,1964,59
1910,1992,82
1904,1977,73
1903,1984,81
1905,1981,76
1858,1927,69
1869,1954,85
1898,1990,92
1892,1946,54
1885,1929,44
1871,1936,65
1855,1931,76
1992,1993,1
1933,1977,44
1920,1993,73
1914,2012,98
1940,2022,82
1914,2010,96
1875,1955,80
1875,1951,76
1913,1981,68
1915,2014,99
1960,2012,52
1873,1948,75
1863,1950,87
1923,2017,94
1919,1996,77
1878,1916,38
1946,2014,68
1891,1958,67
1903,1996,93
1883,1959,76
1891,1955,64
1905,2003,98
1970,1970,0
1859,1938,79
1938,1938,0
1938,1938,0
1882,1924,42
1851,1935,84
1886,1968,82
1855,1909,54
1860,1920,60
1858,1918,60
1938,1990,52
1917,2002,85
1889,1978,89
1913,1980,67
1919,2013,94
1904,1947,43
1860,1920,60
1901,1966,65
1902,1996,94
1831,1906,75
1925,1972,47
1903,1986,83
1935,1963,28
1928,2012,84
1906,2005,99
1905,2000,95
1951,1951,0
1906,1987,81
1895,1962,67
2011,2011,0
1904,1992,88
1907,1991,84
1922,2018,96
1913,2000,87
1899,1976,77
1929,1996,67
1959,1959,0
1926,2019,93
2004,2004,0
2004,2004,0
2004,2021,17
1952,1952,0
1899,1982,83
1919,1919,0
1855,1939,84
1887,1950,63
1856,1943,87
1896,1961,65
1825,1899,74
1937,1937,0
1900,1946,46
1885,1965,80
1885,1963,78
1892,1974,82
1887,1937,50
1943,2020,77
1884,1921,37
1868,1907,39
1888,1920,32
1860,1904,44
1938,2024,86
1936,2007,71
1916,2008,92
1849,1912,63
1909,1998,89
1889,1897,8
1911,1995,84
1945,1945,0
1935,2022,87
1925,1982,57
1972,2014,42
1949,2015,66
1912,1982,70
1927,1975,48
1907,2006,99
1947,2013,66
1938,1985,47
1879,1947,68
1856,1929,73
1891,1927,36
1885,1971,86
1912,1993,81
1883,1955,72
1916,2011,95
1935,1958,23
1907,1958,51
1898,1972,74
1902,1981,79
1886,1932,46
1884,1972,88
1905,1975,70
1878,1946,68
1944,2015,71
1905,2010,105
1884,1968,84
1885,1966,81
1944,1944,0
1944,1944,0
1910,1910,0
1863,1942,79
1906,1991,85
1909,1989,80
1869,1941,72
1892,1919,27
1893,1983,90
1884,1965,81
1877,1968,91
1895,1978,83
1917,2011,94
1919,1979,60
1923,1944,21
1881,1960,79
1947,1947,0
1845,1922,77
1913,1914,1
1900,1917,17
1878,1941,63
1904,1955,51
1948,1948,0
1904,1991,87
1863,1957,94
1904,1976,72
1900,1961,61
1901,1988,87
1905,1996,91
1936,2021,85
1925,2001,76
1924,2000,76
1935,2001,66
1915,2008,93
1920,2000,80
1858,1913,55
1853,1923,70
1879,1957,78
1825,1899,74
1914,1949,35
1938,1938,0
1917,1997,80
1869,1943,74
1887,1979,92
1856,1936,80
1851,1936,85
1941,2019,78
1912,1982,70
1917,1993,76
1889,1935,46
1897,1961,64
1944,2013,69
1907,1998,91
1939,1995,56
1854,1936,82
1891,1982,91
1915,2002,87
1896,1966,70
1896,1966,70
1899,1957,58
1894,1969,75
1942,2020,78
1924,2010,86
1914,2002,88
1904,1974,70
1915,2007,92
1917,1999,82
1861,1890,29
1867,1896,29
1909,1997,88
1898,1898,0
1943,2024,81
1924,2011,87
1923,1997,74
1970,2022,52
1898,1963,65
1900,1988,88
1901,1956,55
1880,1952,72
1906,1970,64
1948,1948,0
1859,1955,96
1856,1937,81
1865,1942,77
1868,1950,82
1926,2014,88
1921,1989,68
1923,1989,66
1913,1964,51
1914,2001,87
1879,1967,88
1871,1955,84
1942,1958,16
1915,1995,80
1938,2012,74
1888,1949,61
1909,2000,91
1914,2010,96
1936,2019,83
1937,2012,75
1934,2008,74
1887,1971,84
1891,1983,92
1951,2020,69
1958,1958,0
1875,1894,19
1859,1906,47
1866,1920,54
1904,1980,76
1825,1914,89
1887,1928,41
1869,1961,92
1848,1929,81
1884,1972,88
1895,1952,57
1896,1990,94
1933,1988,55
1857,1894,37
1925,1979,54
1881,1978,97
1851,1933,82
1831,1907,76
1935,2012,77
1912,1971,59
1900,1986,86
1945,1991,46
1891,1987,96
1861,1935,74
1905,1969,64
1882,1953,71
1855,1941,86
1892,1969,77
1855,1929,74
1879,1958,79
1902,1919,17
1923,1966,43
1881,1947,66
1866,1946,80
1881,1967,86
1900,1955,55
1887,1938,51
1871,1932,61
1863,1954,91
1990,1990,0
1865,1950,85
1889,1889,0
1923,1986,63
1873,1939,66
1920,1922,2
1881,1967,86
1936,2021,85
1952,1975,23
1872,1898,26
1911,1996,85
1908,1990,82
1933,2018,85
1965,1991,26
1876,1898,22
1941,1994,53
1910,1953,43
1949,1991,42
1928,2000,72
1917,1976,59
1963,1963,0
1925,2023,98
1919,1995,76
1865,1936,71
1910,1970,60
1905,1996,91
1908,2007,99
1870,1942,72
1946,2021,75
1861,1944,83
1892,1933,41
1850,1926,76
1843,1914,71
1916,2008,92
1876,1959,83
1891,1986,95
1887,1920,33
1848,1916,68
1941,1963,22
1905,2001,96
1904,1986,82
1832,1905,73
1870,1954,84
1905,1978,73
1862,1938,76
1903,1966,63
1918,2013,95
1941,1982,41
1862,1944,82
1905,1979,74
1904,1957,53
1916,2010,94
1854,1926,72
1946,1995,49
1950,2009,59
1920,1921,1
1886,1924,38
1878,1940,62
1912,1986,74
1936,2010,74
1984,2005,21
1905,1992,87
1909,2003,94
1924,1928,4
1844,1913,69
1911,2005,94
1884,1915,31
1844,1906,62
1908,1979,71
1871,1944,73
1888,1987,99
1925,2008,83
1898,1990,92
1884,1972,88
1905,1972,67
1866,1946,80
1940,2019,79
1896,1978,82
1899,1987,88
1860,1949,89
1935,1992,57
1879,1897,18
1946,2023,77
2013,2015,2
1900,2002,102
1899,1961,62
1884,1946,62
1883,1903,20
1849,1935,86
1815,1910,95
1861,1918,57
1957,1957,0
1903,2001,98
1944,2020,76
1938,2011,73
1851,1917,66
1892,1978,86
1862,1937,75
1882,1960,78
1829,1904,75
1896,1929,33
1889,1975,86
1897,1973,76
1898,1975,77
1934,2006,72
1930,2023,93
1958,2024,66
1900,1964,64
1905,1968,63
1934,2003,69
1860,1914,54
1851,1905,54
1935,1972,37
1895,1970,75
1901,1973,72
1835,1905,70
1889,1979,90
1988,1988,0
1889,1979,90
1976,2010,34
1919,1989,70
average age: 65.409348
